obs:[11 12 12  7  0  0  3  0  5  5  3  0  3  0] t:1 region:3 move:0 reward:0.7897069702191294 reward_sum:0.7897069702191294
obs:[ 5  5  3  0  3  0  0 -6  4 11  0  3  0  6] t:2 region:0 move:-6 reward:0.7963187724807974 reward_sum:1.5860257426999267
obs:[ 4 11  0  3  0  6  2  6  2 12  1  0  2  0] t:3 region:2 move:6 reward:0.6125063263121607 reward_sum:2.1985320690120873
obs:[ 2 12  1  0  2  0  0  0  8 25  0  5  0  0] t:4 region:0 move:0 reward:0.8374415070559772 reward_sum:3.0359735760680646
