obs:[11 12 12  7  0  0  1 -9  5  0  3  0  1  9] t:1 region:1 move:-9 reward:0.598618224854472 reward_sum:0.598618224854472
obs:[ 5  0  3  0  1  9  2  9 10  6  7  3  2  0] t:2 region:2 move:9 reward:0.9545990547233578 reward_sum:1.5532172795778298
obs:[10  6  7  3  2  0  0 -2  6  7  2  0  0  2] t:3 region:0 move:-2 reward:0.676172417827258 reward_sum:2.2293896974050877
obs:[ 6  7  2  0  0  2  2  2 12 20  1  5  2  0] t:4 region:2 move:2 reward:0.913953999690275 reward_sum:3.1433436970953625
