obs:[15 15 15 15  0  0  0  0 11 12 12  7  0  0] t:0 region:0 move:-3 reward:-0.03992578007528669 reward_sum:0.7497811901438427
obs:[15 15 15 15  0  0  0  0 11 12 12  7  0  0] t:0 region:0 move:-3 reward:-0.009748107710953802 reward_sum:1.5460999626246401
obs:[15 15 15 15  0  0  0  0 11 12 12  7  0  0] t:0 region:0 move:-3 reward:-0.07512553973641417 reward_sum:1.939637344890862
obs:[15 15 15 15  0  0  0  0 11 12 12  7  0  0] t:0 region:0 move:-3 reward:-0.025547727914284057 reward_sum:2.723450399830651
