obs:[11 12 12  7  0  0  2 -2  5  5  1  0  2  2] t:1 region:2 move:-2 reward:0.7508698424625848 reward_sum:0.7508698424625848
obs:[  5   5   1   0   2   2   0 -10   0  11   0   3   0  12] t:2 region:0 move:-10 reward:0.6617114349210851 reward_sum:1.41258127738367
obs:[ 0 11  0  3  0 12  2 10  0 12  5  0  2  2] t:3 region:2 move:10 reward:0.5736546646022201 reward_sum:1.98623594198589
obs:[ 0 12  5  0  2  2  2  0  6 25  2  5  2  2] t:4 region:2 move:0 reward:0.9296727125247712 reward_sum:2.915908654510661
